# elapsed_s	cps
1	2
2	2
3	2
4	3
5	2
6	2
7	4
8	2
9	2
10	5
11	1
12	2
13	1
14	2
15	2
16	2
17	1
18	2
19	1
20	2
21	2
22	2
23	2
24	2
25	3
26	3
27	2
28	3
29	2
30	2
31	2
32	2
33	2
34	2
35	3
36	2
37	1
38	5
39	4
40	2
41	2
42	2
43	3
44	0
45	2
46	6
47	2
48	2
49	2
50	2
51	1
52	3
53	4
54	3
55	2
56	2
57	2
58	6
59	4
60	3
61	2
62	3
63	2
64	2
65	1
66	2
67	1
68	2
69	4
70	2
71	3
72	6
73	3
74	4
75	2
76	2
77	2
78	2
79	2
80	3
81	3
82	1
83	2
84	5
85	2
86	2
87	1
88	2
89	1
90	2
91	4
92	1
93	1
94	2
95	2
96	1
97	1
98	2
99	2
100	2
101	1
102	2
103	1
104	2
105	3
106	5
107	2
108	4
109	1
110	2
111	2
112	2
113	2
114	1
115	2
116	2
117	6
118	3
119	2
120	3
121	3
122	5
123	2
124	1
125	4
126	4
127	2
128	2
129	1
130	5
131	4
132	1
133	2
134	5
135	2
136	2
137	2
138	2
139	4
140	4
141	1
142	1
143	1
144	3
145	1
146	2
147	2
148	1
149	2
150	1
151	6
152	2
153	2
154	3
155	2
156	4
157	2
158	2
159	4
160	2
161	2
162	1
163	2
164	3
165	2
166	2
167	3
168	2
169	2
170	2
171	3
172	4
173	1
174	3
175	2
176	10
177	2
178	2
179	2
180	1
181	1
182	4
183	7
184	2
185	3
186	2
187	5
188	1
189	2
190	2
191	2
192	1
193	3
194	2
195	2
196	2
197	2
198	2
199	2
200	2
201	2
202	2
203	2
204	2
205	3
206	2
207	2
208	2
209	3
210	2
211	4
212	2
213	2
214	2
215	1
216	1
217	3
218	2
219	1
220	1
221	6
222	3
223	4
224	2
225	3
226	1
227	1
228	2
229	2
230	2
231	2
232	2
233	2
234	2
235	1
236	3
237	1
238	3
239	2
240	0
241	5
242	2
243	2
244	2
245	2
246	2
247	2
248	3
249	2
250	3
251	2
252	4
253	2
254	5
255	1
256	2
257	1
258	2
259	7
260	6
261	2
262	1
263	5
264	2
265	1
266	1
267	1
268	5
269	3
270	1
271	6
272	2
273	2
274	1
275	2
276	2
277	2
278	3
279	2
280	2
281	3
282	1
283	2
284	3
285	2
286	2
287	3
288	1
289	1
290	2
291	2
292	3
293	7
294	1
295	2
296	2
297	2
298	2
299	2
300	2
301	2
302	2
303	2
304	1
305	1
306	1
307	1
308	2
309	1
310	2
311	3
312	4
313	5
314	2
315	2
316	2
317	2
318	1
319	1
320	1
321	1
322	5
323	2
324	2
325	2
326	2
327	2
328	2
329	1
330	4
331	1
332	4
333	2
334	2
335	2
336	2
337	4
338	1
339	0
340	2
341	2
342	1
343	2
344	3
345	1
346	2
347	4
348	2
349	2
350	3
351	2
352	2
353	2
354	1
355	2
356	2
357	2
358	2
359	4
360	4
361	5
362	2
363	2
364	1
365	3
366	1
367	2
368	2
369	2
370	2
371	1
372	3
373	5
374	1
375	1
376	2
377	4
378	1
379	1
380	3
381	2
382	1
383	3
384	1
385	6
386	2
387	2
388	2
389	2
390	6
391	2
392	1
393	2
394	2
395	2
396	1
397	2
398	2
399	5
400	7
401	2
402	2
403	2
404	5
405	1
406	2
407	3
408	2
409	3
410	3
411	2
412	2
413	1
414	2
415	3
416	3
417	7
418	2
419	2
420	2
421	3
422	2
423	3
424	5
425	2
426	4
427	4
428	2
429	3
430	2
431	2
432	2
433	2
434	4
435	2
436	2
437	2
438	5
439	0
440	1
441	7
442	6
443	2
444	2
445	2
446	2
447	2
448	2
449	2
450	1
451	3
452	2
453	2
454	1
455	4
456	1
457	3
458	1
459	2
460	1
461	5
462	2
463	2
464	2
465	1
466	3
467	2
468	2
469	3
470	2
471	2
472	2
473	1
474	2
475	1
476	1
477	4
478	2
479	4
480	2
481	1
482	4
483	2
484	1
485	1
486	7
487	2
488	4
489	1
490	3
491	2
492	2
493	3
494	2
495	2
496	2
497	2
498	4
499	2
500	4
501	1
502	2
503	2
504	3
505	3
506	2
507	3
508	3
509	5
510	1
511	3
512	5
513	2
514	2
515	3
516	1
517	1
518	2
519	1
520	2
521	2
522	3
523	2
524	2
525	2
526	4
527	4
528	2
529	2
530	2
531	5
532	2
533	2
534	4
535	2
536	0
537	2
538	4
539	2
540	3
541	6
542	2
543	4
544	4
545	1
546	4
547	5
548	2
549	2
550	4
551	2
552	5
553	2
554	2
555	7
556	2
557	3
558	4
559	1
560	6
561	3
562	2
563	1
564	2
565	2
566	2
567	1
568	1
569	1
570	4
571	1
572	3
573	7
574	2
575	4
576	2
577	1
578	2
579	2
580	1
581	1
582	3
583	1
584	2
585	2
586	2
587	2
588	2
589	2
590	3
591	2
592	5
593	1
594	2
595	3
596	3
597	1
598	2
599	3
600	5
