# elapsed_s	cps
1	2
2	2
3	1
4	2
5	2
6	2
7	2
8	2
9	2
10	2
11	1
12	2
13	2
14	2
15	3
16	2
17	2
18	2
19	2
20	2
21	2
22	2
23	2
24	2
25	2
26	1
27	1
28	2
29	2
30	2
31	2
32	2
33	2
34	2
35	2
36	2
37	2
38	3
39	2
40	2
41	2
42	2
43	1
44	2
45	2
46	2
47	2
48	2
49	0
50	2
51	2
52	2
53	2
54	2
55	3
56	2
57	2
58	2
59	1
60	1
61	2
62	2
63	2
64	2
65	2
66	2
67	2
68	2
69	2
70	2
71	2
72	2
73	2
74	2
75	2
76	2
77	2
78	2
79	2
80	2
81	4
82	1
83	2
84	2
85	2
86	2
87	2
88	1
89	2
90	2
91	2
92	2
93	2
94	2
95	2
96	2
97	2
98	2
99	2
100	2
101	2
102	2
103	2
104	2
105	2
106	2
107	2
108	2
109	1
110	2
111	2
112	2
113	2
114	2
115	2
116	2
117	3
118	1
119	2
120	2
121	4
122	2
123	2
124	2
125	2
126	2
127	1
128	2
129	2
130	2
131	2
132	1
133	2
134	2
135	2
136	2
137	2
138	2
139	2
140	3
141	1
142	2
143	2
144	2
145	1
146	2
147	0
148	2
149	2
150	2
151	2
152	2
153	2
154	2
155	2
156	2
157	2
158	2
159	2
160	2
161	2
162	2
163	2
164	4
165	2
166	2
167	1
168	2
169	2
170	2
171	2
172	2
173	2
174	2
175	2
176	1
177	1
178	2
179	2
180	1
181	2
182	2
183	1
184	2
185	2
186	2
187	2
188	2
189	2
190	2
191	2
192	2
193	2
194	2
195	2
196	2
197	2
198	2
199	2
200	2
201	2
202	2
203	2
204	5
205	2
206	2
207	2
208	2
209	2
210	2
211	2
212	2
213	2
214	2
215	2
216	4
217	2
218	2
219	2
220	2
221	2
222	3
223	2
224	2
225	2
226	2
227	4
228	2
229	2
230	2
231	2
232	2
233	2
234	1
235	3
236	2
237	2
238	4
239	2
240	2
241	2
242	4
243	2
244	1
245	2
246	0
247	2
248	2
249	2
250	2
251	4
252	2
253	2
254	2
255	2
256	2
257	3
258	3
259	2
260	2
261	2
262	2
263	2
264	2
265	2
266	2
267	2
268	1
269	1
270	2
271	2
272	2
273	2
274	2
275	2
276	2
277	2
278	2
279	2
280	2
281	2
282	2
283	3
284	2
285	1
286	2
287	2
288	2
289	5
290	2
291	4
292	4
293	1
294	2
295	2
296	2
297	1
298	2
299	2
300	2
301	2
302	2
303	1
304	2
305	2
306	2
307	1
308	4
309	2
310	2
311	2
312	1
313	2
314	2
315	2
316	2
317	2
318	2
319	2
320	2
321	2
322	2
323	2
324	2
325	2
326	1
327	2
328	1
329	2
330	2
331	2
332	2
333	1
334	2
335	2
336	2
337	2
338	2
339	5
340	2
341	2
342	1
343	2
344	0
345	1
346	1
347	2
348	5
349	2
350	2
351	2
352	1
353	2
354	2
355	4
356	2
357	1
358	2
359	2
360	4
361	2
362	2
363	3
364	2
365	2
366	2
367	2
368	2
369	2
370	2
371	2
372	2
373	2
374	3
375	2
376	2
377	2
378	2
379	2
380	2
381	2
382	2
383	2
384	2
385	2
386	2
387	2
388	2
389	2
390	2
391	2
392	2
393	2
394	2
395	2
396	2
397	2
398	2
399	2
400	2
401	1
402	2
403	2
404	1
405	2
406	1
407	2
408	2
409	2
410	4
411	1
412	2
413	1
414	2
415	2
416	2
417	1
418	2
419	2
420	2
421	2
422	2
423	2
424	2
425	1
426	2
427	1
428	1
429	2
430	2
431	2
432	2
433	1
434	3
435	2
436	2
437	2
438	1
439	2
440	2
441	1
442	0
443	2
444	2
445	2
446	2
447	5
448	2
449	2
450	2
451	2
452	1
453	2
454	2
455	2
456	2
457	2
458	1
459	2
460	2
461	2
462	4
463	2
464	2
465	2
466	2
467	2
468	2
469	2
470	2
471	2
472	1
473	2
474	2
475	2
476	2
477	2
478	2
479	2
480	2
481	2
482	2
483	2
484	2
485	1
486	1
487	2
488	1
489	2
490	1
491	1
492	2
493	2
494	2
495	2
496	2
497	2
498	2
499	2
500	2
501	2
502	2
503	2
504	2
505	2
506	2
507	2
508	1
509	4
510	2
511	4
512	2
513	2
514	2
515	2
516	2
517	1
518	3
519	5
520	3
521	2
522	2
523	2
524	2
525	2
526	1
527	2
528	2
529	2
530	2
531	3
532	2
533	2
534	2
535	1
536	1
537	1
538	2
539	4
540	0
541	2
542	2
543	2
544	2
545	2
546	1
547	2
548	2
549	2
550	2
551	2
552	2
553	2
554	2
555	2
556	2
557	2
558	2
559	2
560	2
561	2
562	2
563	1
564	2
565	2
566	2
567	1
568	2
569	2
570	2
571	2
572	2
573	2
574	2
575	2
576	2
577	2
578	2
579	1
580	2
581	2
582	1
583	2
584	2
585	2
586	3
587	2
588	2
589	1
590	6
591	2
592	2
593	2
594	2
595	2
596	2
597	2
598	2
599	4
600	2
