# elapsed_s	cps
1	2
2	2
3	3
4	2
5	2
6	2
7	2
8	2
9	2
10	2
11	2
12	2
13	2
14	2
15	2
16	2
17	1
18	4
19	1
20	3
21	2
22	1
23	2
24	1
25	2
26	2
27	2
28	3
29	2
30	1
31	2
32	2
33	2
34	3
35	2
36	1
37	4
38	2
39	3
40	1
41	2
42	2
43	1
44	2
45	2
46	2
47	2
48	2
49	2
50	2
51	2
52	5
53	2
54	2
55	2
56	2
57	2
58	2
59	2
60	1
61	1
62	2
63	2
64	3
65	1
66	2
67	3
68	2
69	1
70	2
71	4
72	2
73	2
74	1
75	1
76	2
77	2
78	4
79	2
80	6
81	2
82	2
83	2
84	0
85	1
86	2
87	2
88	2
89	2
90	2
91	1
92	2
93	1
94	4
95	2
96	1
97	2
98	2
99	1
100	2
101	2
102	2
103	1
104	2
105	1
106	1
107	1
108	2
109	1
110	2
111	2
112	3
113	3
114	2
115	2
116	2
117	1
118	2
119	2
120	2
121	3
122	2
123	1
124	2
125	1
126	2
127	3
128	2
129	2
130	1
131	2
132	2
133	2
134	2
135	2
136	2
137	2
138	2
139	1
140	2
141	1
142	2
143	2
144	2
145	2
146	3
147	2
148	3
149	2
150	1
151	1
152	1
153	2
154	2
155	2
156	3
157	2
158	2
159	2
160	1
161	2
162	2
163	2
164	2
165	2
166	2
167	1
168	4
169	2
170	2
171	2
172	1
173	2
174	1
175	4
176	2
177	1
178	2
179	2
180	2
181	4
182	2
183	0
184	2
185	1
186	2
187	2
188	2
189	1
190	3
191	1
192	1
193	2
194	2
195	2
196	2
197	2
198	2
199	2
200	2
201	2
202	1
203	1
204	1
205	2
206	2
207	3
208	2
209	2
210	3
211	2
212	5
213	2
214	2
215	2
216	5
217	2
218	2
219	2
220	2
221	2
222	1
223	4
224	1
225	2
226	2
227	4
228	1
229	1
230	2
231	1
232	2
233	2
234	2
235	2
236	1
237	2
238	4
239	2
240	5
241	1
242	2
243	2
244	2
245	2
246	1
247	2
248	2
249	4
250	2
251	2
252	2
253	2
254	2
255	3
256	2
257	2
258	2
259	2
260	2
261	2
262	2
263	2
264	2
265	2
266	1
267	1
268	2
269	2
270	2
271	1
272	1
273	1
274	2
275	3
276	2
277	2
278	1
279	2
280	4
281	0
282	1
283	2
284	2
285	2
286	2
287	2
288	2
289	2
290	1
291	3
292	2
293	1
294	2
295	1
296	2
297	2
298	2
299	2
300	2
301	2
302	2
303	1
304	2
305	2
306	2
307	2
308	4
309	2
310	2
311	2
312	2
313	2
314	3
315	2
316	2
317	2
318	2
319	2
320	2
321	2
322	2
323	1
324	2
325	2
326	1
327	2
328	2
329	2
330	1
331	1
332	3
333	1
334	4
335	7
336	2
337	2
338	1
339	2
340	2
341	2
342	1
343	1
344	2
345	4
346	1
347	2
348	2
349	3
350	2
351	2
352	1
353	2
354	2
355	2
356	1
357	2
358	1
359	2
360	2
361	2
362	2
363	2
364	2
365	2
366	2
367	2
368	2
369	0
370	4
371	2
372	1
373	2
374	3
375	3
376	1
377	2
378	2
379	2
380	1
381	2
382	2
383	2
384	2
385	2
386	2
387	1
388	2
389	1
390	2
391	2
392	2
393	3
394	1
395	2
396	3
397	2
398	4
399	3
400	2
401	2
402	2
403	1
404	1
405	2
406	2
407	2
408	4
409	2
410	2
411	1
412	2
413	2
414	2
415	2
416	1
417	1
418	2
419	2
420	1
421	3
422	2
423	2
424	1
425	3
426	2
427	4
428	3
429	2
430	2
431	2
432	1
433	2
434	1
435	4
436	2
437	1
438	1
439	2
440	2
441	2
442	2
443	2
444	2
445	1
446	2
447	2
448	2
449	2
450	0
451	1
452	3
453	2
454	2
455	1
456	3
457	1
458	2
459	2
460	1
461	2
462	1
463	2
464	5
465	1
466	2
467	2
468	4
469	2
470	2
471	2
472	2
473	1
474	2
475	2
476	2
477	1
478	2
479	2
480	2
481	2
482	4
483	2
484	2
485	2
486	8
487	3
488	2
489	1
490	1
491	2
492	2
493	2
494	3
495	3
496	2
497	2
498	2
499	4
500	1
501	2
502	2
503	2
504	4
505	2
506	4
507	2
508	2
509	2
510	2
511	4
512	1
513	2
514	2
515	1
516	2
517	1
518	2
519	4
520	2
521	2
522	2
523	2
524	2
525	2
526	1
527	2
528	2
529	0
530	2
531	2
532	2
533	2
534	1
535	2
536	4
537	2
538	2
539	2
540	2
541	2
542	2
543	1
544	1
545	2
546	2
547	1
548	2
549	2
550	2
551	5
552	1
553	2
554	2
555	5
556	1
557	2
558	2
559	2
560	2
561	1
562	1
563	1
564	2
565	1
566	1
567	3
568	3
569	2
570	1
571	2
572	2
573	3
574	2
575	2
576	1
577	2
578	3
579	4
580	2
581	2
582	1
583	2
584	1
585	2
586	2
587	2
588	2
589	2
590	2
591	2
592	2
593	2
594	2
595	2
596	2
597	2
598	2
599	2
600	2
