# elapsed_s	cps
1	6
2	5
3	8
4	2
5	5
6	7
7	2
8	5
9	3
10	2
11	5
12	4
13	4
14	4
15	1
16	6
17	1
18	4
19	9
20	2
21	5
22	4
23	5
24	4
25	3
26	5
27	4
28	7
29	6
30	1
31	4
32	6
33	2
34	2
35	6
36	4
37	4
38	1
39	1
40	4
41	1
42	6
43	7
44	1
45	2
46	2
47	1
48	4
49	3
50	2
51	2
52	2
53	4
54	4
55	2
56	3
57	4
58	4
59	6
60	4
61	7
62	2
63	2
64	1
65	2
66	4
67	3
68	3
69	4
70	7
71	2
72	4
73	1
74	3
75	2
76	2
77	1
78	2
79	2
80	2
81	6
82	1
83	2
84	5
85	2
86	5
87	3
88	6
89	2
90	2
91	2
92	2
93	0
94	2
95	3
96	1
97	2
98	2
99	2
100	5
101	8
102	2
103	1
104	2
105	9
106	4
107	2
108	3
109	4
110	6
111	2
112	2
113	6
114	2
115	8
116	3
117	2
118	3
119	2
120	7
121	3
122	7
123	2
124	1
125	3
126	6
127	2
128	4
129	5
130	4
131	5
132	1
133	2
134	1
135	5
136	2
137	5
138	3
139	4
140	5
141	2
142	2
143	1
144	2
145	7
146	6
147	4
148	8
149	2
150	5
151	4
152	2
153	5
154	2
155	3
156	2
157	3
158	3
159	4
160	6
161	4
162	1
163	2
164	5
165	2
166	5
167	2
168	2
169	2
170	4
171	2
172	2
173	3
174	3
175	4
176	5
177	2
178	7
179	4
180	6
181	1
182	3
183	4
184	4
185	2
186	5
187	6
188	2
189	9
190	9
191	0
192	7
193	2
194	7
195	2
196	1
197	4
198	4
199	2
200	4
201	2
202	1
203	4
204	4
205	2
206	2
207	1
208	2
209	6
210	3
211	3
212	5
213	7
214	2
215	3
216	2
217	6
218	2
219	4
220	4
221	8
222	2
223	4
224	2
225	3
226	3
227	3
228	4
229	4
230	3
231	2
232	3
233	3
234	5
235	4
236	5
237	3
238	2
239	2
240	2
241	2
242	5
243	2
244	3
245	3
246	2
247	1
248	2
249	2
250	2
251	5
252	6
253	1
254	1
255	5
256	1
257	5
258	3
259	2
260	2
261	2
262	3
263	5
264	2
265	6
266	2
267	3
268	2
269	4
270	4
271	4
272	3
273	2
274	5
275	1
276	2
277	2
278	3
279	3
280	2
281	2
282	6
283	3
284	6
285	2
286	1
287	3
288	1
289	0
290	4
291	2
292	4
293	4
294	2
295	3
296	3
297	1
298	3
299	2
300	2
301	2
302	1
303	1
304	2
305	1
306	3
307	6
308	1
309	3
310	5
311	4
312	2
313	5
314	1
315	1
316	6
317	5
318	2
319	8
320	5
321	3
322	2
323	2
324	7
325	5
326	3
327	3
328	3
329	2
330	3
331	6
332	4
333	2
334	2
335	2
336	2
337	2
338	2
339	4
340	6
341	2
342	2
343	2
344	1
345	2
346	2
347	4
348	7
349	3
350	3
351	2
352	5
353	7
354	2
355	5
356	4
357	1
358	2
359	1
360	2
361	2
362	6
363	6
364	4
365	4
366	5
367	1
368	5
369	1
370	4
371	1
372	5
373	2
374	3
375	3
376	6
377	5
378	6
379	4
380	2
381	2
382	2
383	4
384	2
385	6
386	1
387	2
388	0
389	1
390	4
391	5
392	2
393	5
394	2
395	3
396	4
397	3
398	2
399	2
400	2
401	3
402	8
403	3
404	2
405	6
406	1
407	8
408	5
409	6
410	2
411	3
412	3
413	4
414	6
415	3
416	3
417	2
418	6
419	7
420	2
421	2
422	6
423	6
424	4
425	2
426	2
427	5
428	4
429	1
430	3
431	4
432	3
433	3
434	2
435	2
436	1
437	5
438	2
439	2
440	5
441	4
442	3
443	1
444	2
445	2
446	3
447	2
448	2
449	1
450	4
451	2
452	1
453	2
454	9
455	6
456	2
457	6
458	3
459	4
460	4
461	5
462	2
463	1
464	2
465	7
466	4
467	4
468	1
469	2
470	2
471	6
472	3
473	5
474	3
475	2
476	2
477	5
478	2
479	4
480	3
481	10
482	2
483	1
484	6
485	1
486	2
487	1
488	1
489	2
490	4
491	10
492	4
493	4
494	4
495	4
496	7
497	2
498	5
499	2
500	8
501	2
502	5
503	2
504	3
505	4
506	2
507	2
508	2
509	7
510	2
511	1
512	1
513	6
514	1
515	5
516	2
517	2
518	8
519	1
520	2
521	4
522	2
523	2
524	5
525	3
526	4
527	4
528	2
529	2
530	2
531	3
532	8
533	7
534	5
535	4
536	2
537	1
538	3
539	2
540	1
541	4
542	4
543	3
544	6
545	1
546	2
547	2
548	2
549	2
550	5
551	3
552	3
553	2
554	11
555	2
556	2
557	6
558	3
559	1
560	2
561	3
562	1
563	5
564	5
565	1
566	4
567	6
568	3
569	2
570	4
571	2
572	6
573	1
574	2
575	6
576	5
577	3
578	2
579	5
580	1
581	2
582	2
583	3
584	4
585	6
586	0
587	2
588	2
589	10
590	7
591	6
592	3
593	3
594	6
595	1
596	3
597	5
598	1
599	3
600	2
