# elapsed_s	cps
1	2
2	1
3	9
4	1
5	1
6	6
7	2
8	2
9	3
10	2
11	9
12	2
13	4
14	6
15	8
16	5
17	7
18	3
19	8
20	2
21	4
22	4
23	1
24	2
25	7
26	10
27	10
28	4
29	6
30	3
31	4
32	8
33	3
34	3
35	2
36	7
37	10
38	1
39	5
40	7
41	9
42	5
43	7
44	2
45	3
46	4
47	4
48	1
49	3
50	1
51	2
52	6
53	3
54	4
55	8
56	5
57	1
58	2
59	6
60	5
61	1
62	2
63	6
64	2
65	1
66	3
67	2
68	5
69	5
70	4
71	2
72	10
73	1
74	7
75	6
76	5
77	1
78	1
79	1
80	4
81	2
82	2
83	10
84	6
85	0
86	7
87	9
88	3
89	2
90	2
91	6
92	1
93	2
94	4
95	3
96	10
97	3
98	2
99	6
100	3
101	8
102	2
103	2
104	3
105	3
106	5
107	2
108	3
109	6
110	2
111	5
112	7
113	3
114	2
115	6
116	4
117	3
118	2
119	3
120	4
121	13
122	9
123	4
124	5
125	3
126	15
127	2
128	3
129	5
130	2
131	2
132	7
133	1
134	3
135	5
136	3
137	3
138	5
139	2
140	1
141	3
142	6
143	3
144	3
145	5
146	2
147	3
148	4
149	1
150	1
151	3
152	4
153	7
154	2
155	1
156	2
157	3
158	8
159	4
160	8
161	1
162	9
163	2
164	2
165	4
166	2
167	5
168	2
169	5
170	2
171	2
172	3
173	5
174	3
175	3
176	3
177	4
178	7
179	5
180	2
181	1
182	0
183	3
184	4
185	3
186	1
187	4
188	2
189	3
190	5
191	3
192	9
193	1
194	7
195	2
196	2
197	3
198	5
199	2
200	2
201	3
202	1
203	3
204	2
205	3
206	2
207	1
208	3
209	7
210	2
211	1
212	4
213	7
214	6
215	5
216	4
217	2
218	4
219	6
220	9
221	5
222	2
223	5
224	3
225	7
226	8
227	6
228	4
229	5
230	4
231	2
232	3
233	1
234	3
235	2
236	4
237	1
238	1
239	7
240	4
241	8
242	1
243	3
244	4
245	1
246	2
247	7
248	9
249	3
250	3
251	2
252	3
253	4
254	3
255	6
256	6
257	1
258	4
259	8
260	2
261	6
262	2
263	4
264	4
265	7
266	5
267	3
268	4
269	3
270	6
271	2
272	1
273	11
274	1
275	6
276	4
277	2
278	1
279	1
280	6
281	0
282	3
283	2
284	4
285	2
286	3
287	2
288	6
289	1
290	4
291	3
292	7
293	1
294	10
295	1
296	2
297	2
298	2
299	3
300	7
301	4
302	2
303	2
304	2
305	8
306	4
307	2
308	1
309	1
310	2
311	5
312	12
313	4
314	2
315	3
316	2
317	6
318	1
319	2
320	7
321	5
322	3
323	7
324	1
325	5
326	2
327	4
328	3
329	6
330	4
331	5
332	4
333	2
334	4
335	2
336	12
337	5
338	5
339	5
340	4
341	1
342	2
343	2
344	2
345	2
346	3
347	2
348	3
349	2
350	5
351	1
352	5
353	2
354	2
355	5
356	9
357	1
358	2
359	4
360	8
361	4
362	3
363	4
364	2
365	5
366	2
367	3
368	5
369	6
370	3
371	5
372	7
373	7
374	1
375	7
376	10
377	5
378	7
379	0
380	3
381	2
382	2
383	3
384	5
385	5
386	3
387	2
388	4
389	11
390	3
391	9
392	2
393	1
394	3
395	6
396	5
397	3
398	6
399	2
400	7
401	10
402	5
403	3
404	2
405	1
406	3
407	3
408	2
409	8
410	6
411	7
412	10
413	4
414	4
415	2
416	4
417	5
418	3
419	2
420	4
421	3
422	2
423	2
424	2
425	3
426	3
427	4
428	3
429	6
430	3
431	3
432	9
433	2
434	4
435	2
436	3
437	1
438	7
439	3
440	1
441	7
442	2
443	4
444	6
445	2
446	3
447	6
448	6
449	4
450	10
451	4
452	2
453	7
454	6
455	5
456	2
457	1
458	2
459	7
460	4
461	5
462	1
463	2
464	5
465	4
466	1
467	1
468	4
469	7
470	2
471	3
472	7
473	4
474	8
475	3
476	3
477	2
478	0
479	2
480	1
481	5
482	4
483	1
484	7
485	1
486	2
487	4
488	6
489	4
490	4
491	2
492	2
493	2
494	3
495	2
496	2
497	6
498	2
499	1
500	3
501	2
502	5
503	2
504	4
505	5
506	8
507	5
508	2
509	4
510	5
511	6
512	6
513	5
514	11
515	7
516	2
517	4
518	2
519	2
520	7
521	4
522	3
523	6
524	10
525	3
526	4
527	2
528	6
529	4
530	2
531	7
532	5
533	4
534	3
535	3
536	5
537	2
538	7
539	7
540	4
541	2
542	3
543	6
544	11
545	6
546	1
547	5
548	2
549	7
550	8
551	2
552	1
553	7
554	3
555	7
556	3
557	2
558	1
559	4
560	2
561	4
562	2
563	3
564	5
565	7
566	3
567	6
568	7
569	6
570	2
571	2
572	2
573	8
574	7
575	3
576	1
577	1
578	1
579	2
580	2
581	1
582	1
583	3
584	3
585	6
586	2
587	4
588	6
589	4
590	6
591	7
592	5
593	2
594	6
595	5
596	2
597	3
598	1
599	1
600	6
