# elapsed_s	cps
1	2
2	2
3	2
4	3
5	4
6	2
7	2
8	2
9	2
10	2
11	1
12	2
13	2
14	2
15	2
16	2
17	2
18	2
19	2
20	2
21	2
22	2
23	1
24	3
25	0
26	2
27	2
28	5
29	4
30	1
31	1
32	1
33	2
34	2
35	7
36	3
37	2
38	1
39	1
40	2
41	2
42	1
43	1
44	1
45	2
46	2
47	1
48	2
49	2
50	1
51	2
52	2
53	2
54	2
55	2
56	2
57	2
58	2
59	2
60	2
61	2
62	2
63	2
64	6
65	2
66	2
67	2
68	2
69	1
70	2
71	2
72	2
73	2
74	2
75	2
76	2
77	2
78	2
79	2
80	2
81	1
82	2
83	1
84	2
85	2
86	2
87	2
88	2
89	2
90	6
91	2
92	2
93	2
94	2
95	2
96	2
97	2
98	2
99	2
100	2
101	1
102	2
103	2
104	2
105	1
106	4
107	2
108	1
109	2
110	2
111	2
112	1
113	2
114	2
115	2
116	1
117	2
118	2
119	1
120	1
121	2
122	2
123	2
124	0
125	5
126	2
127	2
128	2
129	2
130	2
131	2
132	2
133	2
134	2
135	2
136	2
137	2
138	2
139	4
140	2
141	2
142	2
143	2
144	2
145	2
146	2
147	2
148	2
149	1
150	1
151	2
152	2
153	1
154	2
155	2
156	3
157	3
158	2
159	2
160	2
161	1
162	2
163	2
164	1
165	2
166	2
167	2
168	2
169	2
170	2
171	2
172	2
173	2
174	2
175	2
176	2
177	4
178	6
179	2
180	2
181	1
182	2
183	2
184	2
185	2
186	2
187	2
188	1
189	2
190	2
191	2
192	1
193	2
194	1
195	1
196	2
197	2
198	2
199	2
200	2
201	2
202	2
203	2
204	2
205	2
206	2
207	1
208	1
209	2
210	1
211	2
212	5
213	2
214	2
215	2
216	3
217	2
218	1
219	1
220	3
221	2
222	1
223	1
224	2
225	2
226	1
227	1
228	3
229	1
230	2
231	2
232	2
233	2
234	3
235	2
236	2
237	2
238	5
239	1
240	1
241	2
242	2
243	1
244	2
245	2
246	6
247	3
248	2
249	2
250	2
251	2
252	2
253	2
254	2
255	2
256	2
257	2
258	2
259	2
260	2
261	3
262	6
263	2
264	2
265	2
266	1
267	2
268	2
269	2
270	2
271	2
272	2
273	1
274	1
275	1
276	2
277	2
278	2
279	2
280	2
281	1
282	2
283	2
284	2
285	2
286	2
287	2
288	1
289	2
290	3
291	2
292	2
293	2
294	1
295	2
296	2
297	1
298	2
299	1
300	2
301	2
302	2
303	2
304	2
305	1
306	2
307	4
308	1
309	1
310	2
311	2
312	2
313	3
314	2
315	2
316	2
317	2
318	2
319	2
320	0
321	2
322	2
323	1
324	2
325	2
326	4
327	3
328	1
329	2
330	2
331	2
332	1
333	1
334	2
335	2
336	1
337	2
338	2
339	2
340	2
341	2
342	2
343	2
344	2
345	2
346	2
347	1
348	2
349	1
350	1
351	2
352	2
353	2
354	2
355	2
356	4
357	2
358	2
359	1
360	2
361	2
362	2
363	1
364	2
365	2
366	1
367	2
368	3
369	2
370	1
371	2
372	2
373	2
374	2
375	2
376	2
377	2
378	2
379	2
380	2
381	2
382	2
383	2
384	2
385	2
386	2
387	2
388	2
389	1
390	2
391	2
392	2
393	2
394	2
395	3
396	1
397	2
398	2
399	2
400	2
401	5
402	2
403	2
404	1
405	1
406	2
407	1
408	2
409	1
410	2
411	2
412	1
413	2
414	2
415	2
416	2
417	1
418	1
419	0
420	4
421	1
422	2
423	1
424	2
425	2
426	2
427	2
428	1
429	2
430	2
431	1
432	1
433	1
434	2
435	2
436	2
437	2
438	2
439	2
440	4
441	2
442	2
443	2
444	2
445	7
446	2
447	2
448	2
449	2
450	2
451	2
452	2
453	3
454	2
455	1
456	2
457	2
458	1
459	1
460	1
461	2
462	2
463	2
464	2
465	2
466	2
467	1
468	1
469	2
470	3
471	5
472	2
473	2
474	2
475	2
476	2
477	2
478	1
479	2
480	2
481	2
482	2
483	2
484	2
485	2
486	2
487	3
488	2
489	3
490	2
491	2
492	1
493	2
494	2
495	1
496	2
497	2
498	2
499	1
500	2
501	2
502	2
503	2
504	1
505	2
506	2
507	2
508	2
509	2
510	2
511	2
512	2
513	2
514	2
515	1
516	2
517	0
518	2
519	1
520	2
521	2
522	2
523	2
524	2
525	2
526	2
527	2
528	1
529	1
530	2
531	2
532	2
533	2
534	2
535	2
536	2
537	2
538	2
539	2
540	2
541	2
542	1
543	1
544	3
545	2
546	3
547	2
548	1
549	2
550	2
551	2
552	2
553	2
554	2
555	2
556	2
557	5
558	1
559	2
560	2
561	2
562	2
563	2
564	2
565	1
566	3
567	2
568	2
569	2
570	1
571	2
572	2
573	2
574	2
575	2
576	2
577	2
578	2
579	1
580	2
581	1
582	1
583	2
584	1
585	2
586	2
587	3
588	2
589	2
590	2
591	2
592	2
593	3
594	2
595	2
596	3
597	2
598	2
599	2
600	2
