# elapsed_s	cps
1	26
2	31
3	38
4	23
5	33
6	43
7	33
8	40
9	20
10	28
11	32
12	27
13	43
14	21
15	37
16	33
17	30
18	38
19	27
20	44
21	38
22	22
23	27
24	36
25	21
26	27
27	38
28	23
29	39
30	19
31	51
32	26
33	32
34	32
35	36
36	29
37	38
38	29
39	30
40	21
41	37
42	25
43	25
44	24
45	40
46	22
47	37
48	0
49	32
50	36
51	44
52	32
53	33
54	52
55	28
56	30
57	38
58	34
59	27
60	27
61	29
62	30
63	30
64	32
65	28
66	42
67	28
68	37
69	39
70	27
71	36
72	34
73	44
74	30
75	26
76	21
77	37
78	33
79	35
80	41
81	36
82	27
83	41
84	41
85	41
86	23
87	30
88	25
89	34
90	34
91	20
92	34
93	27
94	21
95	24
96	35
97	31
98	31
99	22
100	28
101	33
102	35
103	29
104	24
105	33
106	36
107	23
108	32
109	24
110	36
111	25
112	31
113	29
114	27
115	37
116	27
117	27
118	34
119	16
120	22
121	41
122	33
123	26
124	39
125	35
126	36
127	31
128	24
129	23
130	24
131	24
132	23
133	25
134	32
135	33
136	39
137	24
138	27
139	23
140	30
141	0
142	29
143	36
144	25
145	31
146	22
147	26
148	37
149	22
150	43
151	36
152	27
153	34
154	36
155	24
156	27
157	33
158	33
159	30
160	18
161	26
162	19
163	23
164	27
165	28
166	20
167	25
168	27
169	29
170	34
171	25
172	45
173	23
174	45
175	28
176	28
177	45
178	27
179	43
180	26
181	26
182	29
183	39
184	26
185	37
186	40
187	39
188	21
189	32
190	22
191	18
192	20
193	42
194	30
195	31
196	32
197	38
198	30
199	34
200	40
201	29
202	23
203	33
204	38
205	34
206	43
207	23
208	38
209	36
210	31
211	23
212	20
213	35
214	43
215	35
216	29
217	37
218	38
219	26
220	31
221	22
222	44
223	31
224	0
225	28
226	27
227	34
228	39
229	26
230	42
231	40
232	20
233	34
234	11
235	47
236	32
237	32
238	25
239	44
240	44
241	38
242	27
243	39
244	23
245	21
246	29
247	21
248	33
249	29
250	28
251	34
252	37
253	35
254	25
255	42
256	39
257	37
258	38
259	33
260	26
261	24
262	32
263	34
264	33
265	31
266	25
267	40
268	26
269	27
270	29
271	35
272	22
273	46
274	34
275	20
276	23
277	39
278	25
279	31
280	21
281	41
282	39
283	25
284	31
285	29
286	29
287	34
288	23
289	37
290	21
291	30
292	39
293	26
294	21
295	38
296	36
297	24
298	28
299	36
300	27
301	15
302	31
303	44
304	34
305	41
306	32
307	0
308	34
309	28
310	27
311	27
312	42
313	29
314	32
315	35
316	26
317	34
318	20
319	23
320	26
321	44
322	45
323	39
324	32
325	41
326	23
327	36
328	26
329	34
330	23
331	21
332	29
333	31
334	32
335	24
336	37
337	33
338	34
339	31
340	34
341	23
342	33
343	32
344	43
345	39
346	41
347	34
348	32
349	25
350	27
351	42
352	34
353	35
354	21
355	38
356	27
357	28
358	22
359	20
360	15
361	38
362	36
363	32
364	24
365	29
366	34
367	31
368	33
369	16
370	34
371	35
372	41
373	24
374	35
375	36
376	23
377	32
378	45
379	29
380	19
381	31
382	24
383	41
384	30
385	34
386	25
387	30
388	30
389	29
390	0
391	28
392	17
393	37
394	21
395	15
396	28
397	33
398	33
399	47
400	17
401	29
402	27
403	43
404	22
405	25
406	32
407	27
408	38
409	27
410	31
411	45
412	44
413	38
414	38
415	50
416	31
417	32
418	23
419	35
420	34
421	29
422	24
423	16
424	49
425	26
426	25
427	28
428	19
429	31
430	47
431	23
432	33
433	30
434	30
435	24
436	39
437	25
438	40
439	33
440	25
441	34
442	26
443	29
444	26
445	26
446	20
447	18
448	31
449	41
450	25
451	25
452	32
453	30
454	23
455	29
456	35
457	32
458	27
459	22
460	26
461	25
462	23
463	31
464	49
465	35
466	42
467	20
468	21
469	20
470	31
471	32
472	39
473	25
474	32
475	31
476	28
477	52
478	40
479	35
480	43
481	40
482	32
483	39
484	0
485	34
486	25
487	23
488	25
489	37
490	35
491	23
492	27
493	29
494	36
495	27
496	29
497	43
498	35
499	30
500	33
501	19
502	46
503	29
504	26
505	31
506	38
507	21
508	30
509	37
510	19
511	39
512	40
513	29
514	32
515	31
516	29
517	36
518	31
519	32
520	31
521	40
522	37
523	35
524	21
525	23
526	25
527	34
528	23
529	26
530	22
531	35
532	41
533	42
534	23
535	40
536	28
537	50
538	29
539	36
540	29
541	26
542	22
543	37
544	29
545	39
546	21
547	22
548	36
549	34
550	43
551	21
552	27
553	25
554	25
555	35
556	27
557	45
558	44
559	29
560	27
561	27
562	41
563	31
564	27
565	26
566	17
567	24
568	30
569	28
570	39
571	37
572	35
573	32
574	41
575	28
576	36
577	28
578	24
579	32
580	38
581	36
582	15
583	0
584	35
585	35
586	33
587	31
588	22
589	36
590	37
591	30
592	40
593	28
594	25
595	24
596	41
597	16
598	24
599	25
600	29
