# elapsed_s	cps
1	8
2	13
3	16
4	12
5	15
6	15
7	14
8	18
9	5
10	9
11	13
12	27
13	21
14	8
15	11
16	13
17	12
18	15
19	24
20	23
21	9
22	12
23	12
24	16
25	10
26	17
27	12
28	3
29	28
30	20
31	8
32	21
33	16
34	11
35	13
36	17
37	19
38	13
39	20
40	16
41	18
42	10
43	7
44	18
45	7
46	19
47	16
48	13
49	17
50	26
51	11
52	10
53	18
54	11
55	9
56	10
57	6
58	17
59	13
60	12
61	10
62	0
63	14
64	8
65	20
66	10
67	6
68	18
69	14
70	16
71	22
72	9
73	21
74	11
75	17
76	11
77	12
78	14
79	17
80	19
81	8
82	20
83	7
84	20
85	17
86	19
87	17
88	15
89	9
90	9
91	12
92	17
93	11
94	14
95	9
96	29
97	15
98	14
99	16
100	10
101	3
102	14
103	11
104	12
105	11
106	21
107	12
108	11
109	13
110	18
111	7
112	9
113	11
114	15
115	12
116	17
117	13
118	10
119	10
120	22
121	8
122	20
123	18
124	19
125	10
126	16
127	10
128	5
129	15
130	14
131	10
132	7
133	17
134	20
135	20
136	8
137	17
138	12
139	12
140	9
141	15
142	15
143	13
144	9
145	18
146	20
147	19
148	9
149	25
150	16
151	19
152	21
153	9
154	16
155	21
156	13
157	8
158	5
159	12
160	16
161	14
162	0
163	7
164	10
165	11
166	5
167	6
168	10
169	16
170	6
171	15
172	16
173	13
174	11
175	9
176	9
177	15
178	15
179	13
180	13
181	17
182	10
183	26
184	8
185	14
186	7
187	14
188	14
189	8
190	14
191	18
192	14
193	15
194	18
195	15
196	12
197	10
198	11
199	19
200	7
201	17
202	14
203	10
204	16
205	11
206	16
207	18
208	16
209	25
210	20
211	7
212	8
213	14
214	13
215	17
216	14
217	14
218	21
219	10
220	10
221	9
222	14
223	9
224	12
225	8
226	18
227	8
228	8
229	6
230	7
231	15
232	13
233	14
234	12
235	16
236	4
237	14
238	15
239	11
240	12
241	8
242	11
243	16
244	12
245	14
246	13
247	17
248	18
249	16
250	21
251	17
252	13
253	18
254	4
255	16
256	12
257	18
258	9
259	23
260	0
261	19
262	8
263	13
264	15
265	15
266	16
267	9
268	8
269	10
270	13
271	14
272	10
273	13
274	10
275	22
276	17
277	13
278	9
279	17
280	19
281	9
282	16
283	19
284	16
285	12
286	14
287	7
288	11
289	11
290	16
291	9
292	6
293	16
294	10
295	15
296	12
297	17
298	17
299	12
300	11
301	19
302	17
303	15
304	13
305	9
306	11
307	7
308	14
309	9
310	16
311	6
312	14
313	17
314	14
315	15
316	9
317	10
318	3
319	11
320	14
321	6
322	15
323	7
324	7
325	17
326	17
327	11
328	8
329	19
330	11
331	15
332	10
333	11
334	6
335	13
336	24
337	19
338	15
339	13
340	17
341	14
342	6
343	26
344	10
345	13
346	15
347	18
348	10
349	13
350	11
351	7
352	10
353	7
354	19
355	20
356	11
357	8
358	0
359	13
360	24
361	9
362	10
363	17
364	13
365	15
366	7
367	14
368	14
369	10
370	14
371	7
372	17
373	16
374	20
375	11
376	20
377	20
378	15
379	22
380	15
381	8
382	14
383	16
384	15
385	25
386	11
387	9
388	18
389	16
390	12
391	14
392	12
393	16
394	14
395	21
396	7
397	16
398	10
399	16
400	14
401	7
402	11
403	10
404	9
405	18
406	12
407	19
408	9
409	20
410	14
411	11
412	27
413	24
414	8
415	12
416	15
417	24
418	4
419	14
420	17
421	8
422	12
423	10
424	20
425	9
426	22
427	17
428	11
429	4
430	22
431	15
432	8
433	23
434	13
435	14
436	17
437	19
438	10
439	19
440	13
441	13
442	19
443	13
444	11
445	11
446	6
447	10
448	14
449	14
450	14
451	20
452	17
453	15
454	27
455	14
456	0
457	11
458	10
459	11
460	27
461	9
462	8
463	11
464	10
465	10
466	10
467	20
468	12
469	16
470	7
471	20
472	16
473	10
474	15
475	18
476	13
477	9
478	13
479	19
480	9
481	17
482	11
483	8
484	5
485	15
486	18
487	7
488	20
489	12
490	14
491	9
492	11
493	7
494	7
495	22
496	8
497	18
498	11
499	6
500	10
501	11
502	10
503	12
504	8
505	9
506	9
507	30
508	11
509	21
510	15
511	4
512	12
513	13
514	17
515	15
516	19
517	17
518	20
519	5
520	13
521	8
522	19
523	17
524	28
525	15
526	10
527	16
528	15
529	11
530	20
531	17
532	15
533	8
534	18
535	8
536	11
537	10
538	13
539	15
540	11
541	10
542	17
543	22
544	9
545	12
546	15
547	9
548	14
549	19
550	17
551	10
552	12
553	0
554	14
555	25
556	8
557	11
558	7
559	22
560	14
561	11
562	14
563	18
564	21
565	9
566	9
567	10
568	15
569	15
570	12
571	8
572	12
573	12
574	12
575	7
576	12
577	13
578	10
579	20
580	21
581	14
582	10
583	17
584	16
585	14
586	20
587	10
588	11
589	10
590	12
591	9
592	18
593	12
594	11
595	3
596	20
597	9
598	16
599	12
600	16
