# elapsed_s	cps
1	8
2	7
3	2
4	4
5	4
6	5
7	2
8	11
9	9
10	10
11	1
12	4
13	10
14	1
15	1
16	13
17	18
18	6
19	14
20	12
21	8
22	8
23	6
24	10
25	4
26	14
27	3
28	7
29	11
30	7
31	5
32	11
33	7
34	14
35	2
36	4
37	11
38	9
39	11
40	10
41	6
42	10
43	2
44	10
45	8
46	6
47	9
48	6
49	7
50	10
51	6
52	5
53	3
54	0
55	7
56	1
57	4
58	14
59	10
60	6
61	7
62	9
63	6
64	5
65	5
66	11
67	4
68	4
69	4
70	6
71	8
72	7
73	9
74	9
75	4
76	11
77	6
78	5
79	3
80	11
81	6
82	4
83	8
84	12
85	15
86	5
87	9
88	8
89	9
90	4
91	7
92	13
93	6
94	13
95	11
96	5
97	7
98	1
99	10
100	4
101	5
102	11
103	5
104	8
105	7
106	6
107	12
108	13
109	6
110	10
111	4
112	8
113	8
114	6
115	3
116	7
117	11
118	8
119	12
120	3
121	12
122	5
123	2
124	9
125	5
126	8
127	8
128	15
129	6
130	10
131	10
132	8
133	11
134	9
135	8
136	16
137	15
138	6
139	6
140	2
141	3
142	10
143	8
144	8
145	6
146	5
147	2
148	6
149	4
150	10
151	5
152	13
153	1
154	2
155	3
156	15
157	7
158	12
159	14
160	7
161	2
162	8
163	9
164	11
165	7
166	1
167	3
168	12
169	6
170	3
171	6
172	9
173	19
174	5
175	8
176	2
177	10
178	4
179	7
180	2
181	14
182	8
183	5
184	4
185	12
186	9
187	5
188	0
189	7
190	6
191	11
192	9
193	5
194	12
195	7
196	11
197	1
198	11
199	10
200	11
201	11
202	1
203	13
204	7
205	9
206	6
207	9
208	3
209	5
210	8
211	10
212	6
213	16
214	8
215	5
216	4
217	3
218	7
219	5
220	7
221	10
222	10
223	9
224	5
225	3
226	3
227	4
228	10
229	4
230	10
231	5
232	9
233	10
234	5
235	7
236	14
237	7
238	6
239	10
240	10
241	8
242	13
243	7
244	7
245	2
246	14
247	13
248	7
249	11
250	9
251	6
252	11
253	8
254	6
255	4
256	4
257	7
258	6
259	9
260	4
261	8
262	8
263	8
264	13
265	11
266	14
267	13
268	7
269	10
270	11
271	4
272	5
273	8
274	3
275	8
276	15
277	8
278	6
279	5
280	12
281	6
282	11
283	5
284	12
285	9
286	9
287	2
288	5
289	11
290	9
291	12
292	9
293	4
294	9
295	8
296	8
297	5
298	8
299	5
300	8
301	19
302	8
303	9
304	5
305	8
306	7
307	2
308	10
309	5
310	4
311	2
312	8
313	6
314	8
315	4
316	13
317	0
318	8
319	5
320	5
321	7
322	8
323	7
324	8
325	12
326	7
327	7
328	7
329	6
330	13
331	4
332	3
333	10
334	4
335	12
336	7
337	11
338	5
339	7
340	9
341	3
342	5
343	1
344	12
345	5
346	8
347	2
348	16
349	9
350	12
351	8
352	6
353	6
354	11
355	10
356	8
357	5
358	6
359	9
360	2
361	10
362	13
363	9
364	6
365	13
366	11
367	6
368	7
369	7
370	6
371	7
372	11
373	7
374	10
375	9
376	6
377	9
378	8
379	10
380	5
381	14
382	4
383	5
384	5
385	7
386	10
387	2
388	11
389	7
390	10
391	7
392	7
393	12
394	5
395	8
396	10
397	10
398	5
399	16
400	5
401	8
402	13
403	9
404	9
405	12
406	5
407	3
408	4
409	11
410	13
411	5
412	12
413	8
414	6
415	2
416	1
417	0
418	3
419	5
420	8
421	6
422	11
423	7
424	7
425	5
426	13
427	7
428	13
429	7
430	5
431	9
432	6
433	10
434	3
435	7
436	8
437	8
438	10
439	8
440	12
441	8
442	3
443	11
444	2
445	4
446	8
447	4
448	9
449	7
450	4
451	6
452	7
453	10
454	8
455	9
456	7
457	6
458	7
459	6
460	7
461	5
462	7
463	8
464	12
465	12
466	7
467	10
468	14
469	7
470	4
471	5
472	9
473	4
474	15
475	4
476	9
477	5
478	5
479	9
480	6
481	9
482	8
483	4
484	9
485	4
486	5
487	6
488	4
489	12
490	1
491	7
492	8
493	8
494	11
495	7
496	5
497	8
498	14
499	6
500	8
501	6
502	8
503	12
504	8
505	8
506	6
507	6
508	13
509	5
510	10
511	5
512	17
513	12
514	12
515	1
516	1
517	15
518	3
519	9
520	4
521	11
522	5
523	9
524	15
525	9
526	9
527	7
528	4
529	3
530	11
531	13
532	5
533	5
534	9
535	9
536	9
537	4
538	3
539	7
540	9
541	5
542	3
543	6
544	3
545	13
546	7
547	6
548	10
549	11
550	11
551	13
552	4
553	12
554	15
555	11
556	10
557	3
558	6
559	4
560	9
561	5
562	9
563	7
564	4
565	9
566	10
567	5
568	12
569	8
570	9
571	9
572	9
573	9
574	8
575	7
576	12
577	10
578	3
579	15
580	12
581	4
582	1
583	2
584	13
585	3
586	12
587	10
588	5
589	9
590	10
591	8
592	12
593	8
594	5
595	6
596	4
597	4
598	6
599	2
600	9
